begin HEADER
  File_ID = "H2O Constrint Covariance Matrix"
  File_Creation = "Tue Mar 25 11:48:05 PDT 2008"
  File_Type = "Matrix"
  Num_Rows = 40
  Num_Columns = 40
end HEADER
  0.90052150E-13  0.17959628E-13  0.71320571E-14  0.11821810E-18  0.17290113E-13  0.31762760E-13  0.62660836E-13  0.84583370E-13  0.32031775E-11  0.58399113E-11  0.78545797E-11  0.96567620E-11  0.15791482E-10  0.21530129E-10  0.26920759E-10  0.32003180E-10  0.47969024E-10  0.63115738E-10  0.77523287E-10  0.91260470E-10  0.12830759E-09  0.16377776E-09  0.19779975E-09  0.23048720E-09  0.25387132E-09  0.27640492E-09  0.29814770E-09  0.31915330E-09  0.34208590E-09  0.36429035E-09  0.38581149E-09  0.40669010E-09  0.41879941E-09  0.43056756E-09  0.44201326E-09  0.45315370E-09  0.42779938E-09  0.40308701E-09  0.37898489E-09  0.35546360E-09
  0.17959628E-13  0.35817940E-14  0.14223880E-14  0.23579023E-19  0.34485003E-14  0.63350590E-14  0.12496160E-13  0.16867531E-13  0.63882026E-12  0.11646738E-11  0.15664665E-11  0.19258824E-11  0.31493797E-11  0.42938849E-11  0.53689823E-11  0.63826111E-11  0.95668754E-11  0.12587771E-10  0.15461245E-10  0.18201020E-10  0.25589679E-10  0.32663831E-10  0.39449159E-10  0.45968327E-10  0.50632069E-10  0.55126183E-10  0.59462576E-10  0.63651944E-10  0.68225753E-10  0.72654337E-10  0.76946636E-10  0.81110786E-10  0.83525961E-10  0.85873093E-10  0.88155913E-10  0.90377850E-10  0.85321223E-10  0.80392626E-10  0.75585735E-10  0.70894684E-10
  0.71320571E-14  0.14223880E-14  0.56485313E-15  0.93651862E-20  0.13696293E-14  0.25160742E-14  0.49619303E-14  0.66972928E-14  0.25367960E-12  0.46250017E-12  0.62205522E-12  0.76478208E-12  0.12506632E-11  0.17051745E-11  0.21321224E-11  0.25346595E-11  0.37992591E-11  0.49989783E-11  0.61401507E-11  0.72282258E-11  0.10162482E-10  0.12971838E-10  0.15666493E-10  0.18255448E-10  0.20107578E-10  0.21892343E-10  0.23614471E-10  0.25278211E-10  0.27094715E-10  0.28853542E-10  0.30558243E-10  0.32212049E-10  0.33171263E-10  0.34103453E-10  0.35010100E-10  0.35892567E-10  0.33884449E-10  0.31927175E-10  0.30018234E-10  0.28155296E-10
  0.11821810E-18  0.23579023E-19  0.93651862E-20  0.27710560E-23  0.31199390E-18  0.57314710E-18 -0.73990541E-18 -0.16715310E-17 -0.60635806E-17 -0.97770057E-17 -0.12614349E-16 -0.15152440E-16  0.10562942E-16  0.34618075E-16  0.57214399E-16  0.78518780E-16  0.22735951E-15  0.36856394E-15  0.50287755E-15  0.63094170E-15  0.84681720E-15  0.10535037E-14  0.12517516E-14  0.14422230E-14  0.16102588E-14  0.17721828E-14  0.19284241E-14  0.20793680E-14  0.23925622E-14  0.26958119E-14  0.29897295E-14  0.32748720E-14  0.34714167E-14  0.36624241E-14  0.38481978E-14  0.40290170E-14  0.39127054E-14  0.37993388E-14  0.36887716E-14  0.35808690E-14
  0.17290113E-13  0.34485003E-14  0.13696293E-14  0.31199390E-18  0.36553825E-13  0.67151062E-13  0.34051020E-13  0.10566166E-13 -0.20929256E-12 -0.39518047E-12 -0.53721320E-12 -0.66426581E-12  0.27637266E-11  0.59703994E-11  0.89826055E-11  0.11822589E-10  0.28012553E-10  0.43371889E-10  0.57981684E-10  0.71911702E-10  0.96477467E-10  0.11999756E-09  0.14255737E-09  0.16423226E-09  0.18111543E-09  0.19738452E-09  0.21308266E-09  0.22824855E-09  0.26475692E-09  0.30010611E-09  0.33436745E-09  0.36760591E-09  0.39026613E-09  0.41228795E-09  0.43370636E-09  0.45455354E-09  0.43953807E-09  0.42490279E-09  0.41062890E-09  0.39669900E-09
  0.31762760E-13  0.63350590E-14  0.25160742E-14  0.57314710E-18  0.67151062E-13  0.12335960E-12  0.62554158E-13  0.19412010E-13 -0.38447651E-12 -0.72595940E-12 -0.98687872E-12 -0.12202790E-11  0.50771042E-11  0.10967913E-10  0.16501477E-10  0.21718660E-10  0.51460362E-10  0.79676162E-10  0.10651502E-09  0.13210510E-09  0.17723354E-09  0.22044103E-09  0.26188444E-09  0.30170220E-09  0.33271734E-09  0.36260440E-09  0.39144258E-09  0.41930300E-09  0.48637057E-09  0.55130865E-09  0.61424832E-09  0.67530890E-09  0.71693677E-09  0.75739187E-09  0.79673847E-09  0.83503570E-09  0.80745158E-09  0.78056588E-09  0.75434408E-09  0.72875420E-09
  0.62660836E-13  0.12496160E-13  0.49619303E-14 -0.73990541E-18  0.34051020E-13  0.62554158E-13  0.65531910E-10  0.11198316E-09  0.56002626E-09  0.93884131E-09  0.12282853E-08  0.14872018E-08  0.20905929E-08  0.26550277E-08  0.31852326E-08  0.36851231E-08  0.41621216E-08  0.46146476E-08  0.50450902E-08  0.54555048E-08  0.52192266E-08  0.49930059E-08  0.47760213E-08  0.45675481E-08  0.41997942E-08  0.38454162E-08  0.35034751E-08  0.31731275E-08  0.39393278E-08  0.46812001E-08  0.54002419E-08  0.60978166E-08  0.59793854E-08  0.58642908E-08  0.57523498E-08  0.56433943E-08  0.46917117E-08  0.37641249E-08  0.28594439E-08  0.19765645E-08
  0.84583370E-13  0.16867531E-13  0.66972928E-14 -0.16715310E-17  0.10566166E-13  0.19412010E-13  0.11198316E-09  0.19142270E-09  0.95764401E-09  0.16054749E-08  0.21004678E-08  0.25432540E-08  0.35702900E-08  0.45310179E-08  0.54334832E-08  0.62843500E-08  0.70786822E-08  0.78322611E-08  0.85490651E-08  0.92325170E-08  0.87965776E-08  0.83791946E-08  0.79788524E-08  0.75942140E-08  0.69435290E-08  0.63165105E-08  0.57114973E-08  0.51269970E-08  0.63892399E-08  0.76114047E-08  0.87959584E-08  0.99451470E-08  0.97131521E-08  0.94876932E-08  0.92684120E-08  0.90549790E-08  0.74476381E-08  0.58809937E-08  0.43530359E-08  0.28619000E-08
  0.32031775E-11  0.63882026E-12  0.25367960E-12 -0.60635806E-17 -0.20929256E-12 -0.38447651E-12  0.56002626E-09  0.95764401E-09  0.10533729E-07  0.18630193E-07  0.24816517E-07  0.30350373E-07  0.40327472E-07  0.49660425E-07  0.58427387E-07  0.66693098E-07  0.73067984E-07  0.79115804E-07  0.84868489E-07  0.90353509E-07  0.87463461E-07  0.84696432E-07  0.82042376E-07  0.79492427E-07  0.82798654E-07  0.85984628E-07  0.89058790E-07  0.92028722E-07  0.99404981E-07  0.10654703E-06  0.11346929E-06  0.12018489E-06  0.11932274E-06  0.11848488E-06  0.11766997E-06  0.11687680E-06  0.10610193E-06  0.95599863E-07  0.85357137E-07  0.75361247E-07
  0.58399113E-11  0.11646738E-11  0.46250017E-12 -0.97770057E-17 -0.39518047E-12 -0.72595940E-12  0.93884131E-09  0.16054749E-08  0.18630193E-07  0.33024386E-07  0.44022663E-07  0.53860957E-07  0.71405227E-07  0.87816795E-07  0.10323309E-06  0.11776797E-06  0.12886114E-06  0.13938518E-06  0.14939564E-06  0.15894033E-06  0.15397536E-06  0.14922174E-06  0.14466219E-06  0.14028150E-06  0.14693325E-06  0.15334306E-06  0.15952792E-06  0.16550308E-06  0.17804867E-06  0.19019591E-06  0.20196934E-06  0.21339126E-06  0.21199632E-06  0.21064068E-06  0.20932219E-06  0.20803885E-06  0.18951294E-06  0.17145609E-06  0.15384513E-06  0.13665857E-06
  0.78545797E-11  0.15664665E-11  0.62205522E-12 -0.12614349E-16 -0.53721320E-12 -0.98687872E-12  0.12282853E-08  0.21004678E-08  0.24816517E-07  0.44022663E-07  0.58697643E-07  0.71824861E-07  0.95151034E-07  0.11697121E-06  0.13746812E-06  0.15679312E-06  0.17149143E-06  0.18543564E-06  0.19869938E-06  0.21134596E-06  0.20479560E-06  0.19852406E-06  0.19250857E-06  0.18672905E-06  0.19593704E-06  0.20481011E-06  0.21337179E-06  0.22164318E-06  0.23813853E-06  0.25411012E-06  0.26959021E-06  0.28460814E-06  0.28280610E-06  0.28105484E-06  0.27935156E-06  0.27769371E-06  0.25324540E-06  0.22941611E-06  0.20617525E-06  0.18349447E-06
  0.96567620E-11  0.19258824E-11  0.76478208E-12 -0.15152440E-16 -0.66426581E-12 -0.12202790E-11  0.14872018E-08  0.25432540E-08  0.30350373E-07  0.53860957E-07  0.71824861E-07  0.87894120E-07  0.11639238E-06  0.14305073E-06  0.16809239E-06  0.19170230E-06  0.20962552E-06  0.22662919E-06  0.24280307E-06  0.25822440E-06  0.25025585E-06  0.24262649E-06  0.23530862E-06  0.22827780E-06  0.23977242E-06  0.25084896E-06  0.26153676E-06  0.27186220E-06  0.29189074E-06  0.31128334E-06  0.33007914E-06  0.34831380E-06  0.34614761E-06  0.34404245E-06  0.34199497E-06  0.34000210E-06  0.31025603E-06  0.28126311E-06  0.25298613E-06  0.22539060E-06
  0.15791482E-10  0.31493797E-11  0.12506632E-11  0.10562942E-16  0.27637266E-11  0.50771042E-11  0.20905929E-08  0.35702900E-08  0.40327472E-07  0.71405227E-07  0.95151034E-07  0.11639238E-06  0.16179312E-06  0.20426267E-06  0.24415668E-06  0.28176975E-06  0.32462771E-06  0.36528683E-06  0.40396178E-06  0.44083722E-06  0.44964674E-06  0.45808127E-06  0.46617144E-06  0.47394426E-06  0.48561081E-06  0.49685302E-06  0.50770068E-06  0.51818056E-06  0.53546545E-06  0.55220152E-06  0.56842255E-06  0.58415929E-06  0.58465507E-06  0.58513688E-06  0.58560549E-06  0.58606160E-06  0.54624419E-06  0.50743491E-06  0.46958399E-06  0.43264523E-06
  0.21530129E-10  0.42938849E-11  0.17051745E-11  0.34618075E-16  0.59703994E-11  0.10967913E-10  0.26550277E-08  0.45310179E-08  0.49660425E-07  0.87816795E-07  0.11697121E-06  0.14305073E-06  0.20426267E-06  0.26152261E-06  0.31531007E-06  0.36602223E-06  0.43220507E-06  0.49499240E-06  0.55471568E-06  0.61166011E-06  0.63616447E-06  0.65962577E-06  0.68212919E-06  0.70374989E-06  0.71557726E-06  0.72697445E-06  0.73797165E-06  0.74859599E-06  0.76331437E-06  0.77756542E-06  0.79137791E-06  0.80477802E-06  0.80776390E-06  0.81066567E-06  0.81348792E-06  0.81623490E-06  0.76699636E-06  0.71900451E-06  0.67219775E-06  0.62651899E-06
  0.26920759E-10  0.53689823E-11  0.21321224E-11  0.57214399E-16  0.89826055E-11  0.16501477E-10  0.31852326E-08  0.54334832E-08  0.58427387E-07  0.10323309E-06  0.13746812E-06  0.16809239E-06  0.24415668E-06  0.31531007E-06  0.38214840E-06  0.44516526E-06  0.53325847E-06  0.61683205E-06  0.69632721E-06  0.77212355E-06  0.81137094E-06  0.84894771E-06  0.88499031E-06  0.91961910E-06  0.93159754E-06  0.94314031E-06  0.95427798E-06  0.96503802E-06  0.97734554E-06  0.98926227E-06  0.10008123E-05  0.10120175E-05  0.10173424E-05  0.10225174E-05  0.10275506E-05  0.10324495E-05  0.97436116E-06  0.91774359E-06  0.86252413E-06  0.80863539E-06
  0.32003180E-10  0.63826111E-11  0.25346595E-11  0.78518780E-16  0.11822589E-10  0.21718660E-10  0.36851231E-08  0.62843500E-08  0.66693098E-07  0.11776797E-06  0.15679312E-06  0.19170230E-06  0.28176975E-06  0.36602223E-06  0.44516526E-06  0.51978330E-06  0.62853415E-06  0.73170553E-06  0.82984210E-06  0.92341250E-06  0.97655999E-06  0.10274452E-05  0.10762529E-05  0.11231460E-05  0.11352669E-05  0.11469469E-05  0.11582170E-05  0.11691050E-05  0.11791395E-05  0.11888554E-05  0.11982723E-05  0.12074080E-05  0.12149383E-05  0.12222565E-05  0.12293742E-05  0.12363020E-05  0.11698699E-05  0.11051198E-05  0.10419686E-05  0.98033930E-06
  0.47969024E-10  0.95668754E-11  0.37992591E-11  0.22735951E-15  0.28012553E-10  0.51460362E-10  0.41621216E-08  0.70786822E-08  0.73067984E-07  0.12886114E-06  0.17149143E-06  0.20962552E-06  0.32462771E-06  0.43220507E-06  0.53325847E-06  0.62853415E-06  0.81918170E-06  0.10000480E-05  0.11720881E-05  0.13361232E-05  0.14903011E-05  0.16379162E-05  0.17795045E-05  0.19155388E-05  0.19533143E-05  0.19897158E-05  0.20248398E-05  0.20587730E-05  0.20368145E-05  0.20155533E-05  0.19949463E-05  0.19749546E-05  0.19910334E-05  0.20066592E-05  0.20218569E-05  0.20366493E-05  0.19526249E-05  0.18707280E-05  0.17908534E-05  0.17129037E-05
  0.63115738E-10  0.12587771E-10  0.49989783E-11  0.36856394E-15  0.43371889E-10  0.79676162E-10  0.46146476E-08  0.78322611E-08  0.79115804E-07  0.13938518E-06  0.18543564E-06  0.22662919E-06  0.36528683E-06  0.49499240E-06  0.61683205E-06  0.73170553E-06  0.10000480E-05  0.12546232E-05  0.14967750E-05  0.17276598E-05  0.19776847E-05  0.22170669E-05  0.24466757E-05  0.26672778E-05  0.27293917E-05  0.27892464E-05  0.28470005E-05  0.29027964E-05  0.28504864E-05  0.27998373E-05  0.27507469E-05  0.27031221E-05  0.27273108E-05  0.27508181E-05  0.27736812E-05  0.27959347E-05  0.26952206E-05  0.25970566E-05  0.25013166E-05  0.24078839E-05
  0.77523287E-10  0.15461245E-10  0.61401507E-11  0.50287755E-15  0.57981684E-10  0.10651502E-09  0.50450902E-08  0.85490651E-08  0.84868489E-07  0.14939564E-06  0.19869938E-06  0.24280307E-06  0.40396178E-06  0.55471568E-06  0.69632721E-06  0.82984210E-06  0.11720881E-05  0.14967750E-05  0.18056172E-05  0.21000893E-05  0.24412838E-05  0.27679549E-05  0.30812887E-05  0.33823317E-05  0.34675963E-05  0.35497596E-05  0.36290394E-05  0.37056312E-05  0.36244508E-05  0.35458480E-05  0.34696641E-05  0.33957547E-05  0.34276576E-05  0.34586617E-05  0.34888163E-05  0.35181666E-05  0.34015774E-05  0.32879401E-05  0.31771090E-05  0.30689487E-05
  0.91260470E-10  0.18201020E-10  0.72282258E-11  0.63094170E-15  0.71911702E-10  0.13210510E-09  0.54555048E-08  0.92325170E-08  0.90353509E-07  0.15894033E-06  0.21134596E-06  0.25822440E-06  0.44083722E-06  0.61166011E-06  0.77212355E-06  0.92341250E-06  0.13361232E-05  0.17276598E-05  0.21000893E-05  0.24551900E-05  0.28833121E-05  0.32932107E-05  0.36863739E-05  0.40641150E-05  0.41714530E-05  0.42748870E-05  0.43746909E-05  0.44711110E-05  0.43624035E-05  0.42571477E-05  0.41551310E-05  0.40561600E-05  0.40954181E-05  0.41335702E-05  0.41706769E-05  0.42067940E-05  0.40750682E-05  0.39466776E-05  0.38214575E-05  0.36992550E-05
  0.12830759E-09  0.25589679E-10  0.10162482E-10  0.84681720E-15  0.96477467E-10  0.17723354E-09  0.52192266E-08  0.87965776E-08  0.87463461E-07  0.15397536E-06  0.20479560E-06  0.25025585E-06  0.44964674E-06  0.63616447E-06  0.81137094E-06  0.97655999E-06  0.14903011E-05  0.19776847E-05  0.24412838E-05  0.28833121E-05  0.35169853E-05  0.41236853E-05  0.47056151E-05  0.52647180E-05  0.54522780E-05  0.56330160E-05  0.58074110E-05  0.59758932E-05  0.57914855E-05  0.56129330E-05  0.54398753E-05  0.52719843E-05  0.53308112E-05  0.53879808E-05  0.54435840E-05  0.54977042E-05  0.53410493E-05  0.51883609E-05  0.50394429E-05  0.48941136E-05
  0.16377776E-09  0.32663831E-10  0.12971838E-10  0.10535037E-14  0.11999756E-09  0.22044103E-09  0.49930059E-08  0.83791946E-08  0.84696432E-07  0.14922174E-06  0.19852406E-06  0.24262649E-06  0.45808127E-06  0.65962577E-06  0.84894771E-06  0.10274452E-05  0.16379162E-05  0.22170669E-05  0.27679549E-05  0.32932107E-05  0.41236853E-05  0.49188097E-05  0.56814708E-05  0.64142158E-05  0.66785829E-05  0.69333344E-05  0.71791455E-05  0.74166223E-05  0.71597366E-05  0.69110075E-05  0.66699328E-05  0.64360554E-05  0.65136182E-05  0.65889958E-05  0.66623080E-05  0.67336650E-05  0.65531423E-05  0.63771902E-05  0.62055831E-05  0.60381115E-05
  0.19779975E-09  0.39449159E-10  0.15666493E-10  0.12517516E-14  0.14255737E-09  0.26188444E-09  0.47760213E-08  0.79788524E-08  0.82042376E-07  0.14466219E-06  0.19250857E-06  0.23530862E-06  0.46617144E-06  0.68212919E-06  0.88499031E-06  0.10762529E-05  0.17795045E-05  0.24466757E-05  0.30812887E-05  0.36863739E-05  0.47056151E-05  0.56814708E-05  0.66174844E-05  0.75167820E-05  0.78548203E-05  0.81805636E-05  0.84948749E-05  0.87985294E-05  0.84721250E-05  0.81560844E-05  0.78497696E-05  0.75526000E-05  0.76481336E-05  0.77409759E-05  0.78312741E-05  0.79191642E-05  0.77157480E-05  0.75174822E-05  0.73241123E-05  0.71354024E-05
  0.23048720E-09  0.45968327E-10  0.18255448E-10  0.14422230E-14  0.16423226E-09  0.30170220E-09  0.45675481E-08  0.75942140E-08  0.79492427E-07  0.14028150E-06  0.18672905E-06  0.22827780E-06  0.47394426E-06  0.70374989E-06  0.91961910E-06  0.11231460E-05  0.19155388E-05  0.26672778E-05  0.33823317E-05  0.40641150E-05  0.52647180E-05  0.64142158E-05  0.75167820E-05  0.85760990E-05  0.89849188E-05  0.93788690E-05  0.97589935E-05  0.10126230E-04  0.97330337E-05  0.93523219E-05  0.89833262E-05  0.86253470E-05  0.87381466E-05  0.88477684E-05  0.89543864E-05  0.90581610E-05  0.88327494E-05  0.86130451E-05  0.83987661E-05  0.81896510E-05
  0.25387132E-09  0.50632069E-10  0.20107578E-10  0.16102588E-14  0.18111543E-09  0.33271734E-09  0.41997942E-08  0.69435290E-08  0.82798654E-07  0.14693325E-06  0.19593704E-06  0.23977242E-06  0.48561081E-06  0.71557726E-06  0.93159754E-06  0.11352669E-05  0.19533143E-05  0.27293917E-05  0.34675963E-05  0.41714530E-05  0.54522780E-05  0.66785829E-05  0.78548203E-05  0.89849188E-05  0.96609526E-05  0.10312398E-04  0.10940981E-04  0.11548251E-04  0.11074889E-04  0.10616558E-04  0.10172330E-04  0.97413657E-05  0.98395317E-05  0.99349320E-05  0.10027718E-04  0.10118030E-04  0.98496895E-05  0.95881432E-05  0.93330554E-05  0.90841150E-05
  0.27640492E-09  0.55126183E-10  0.21892343E-10  0.17721828E-14  0.19738452E-09  0.36260440E-09  0.38454162E-08  0.63165105E-08  0.85984628E-07  0.15334306E-06  0.20481011E-06  0.25084896E-06  0.49685302E-06  0.72697445E-06  0.94314031E-06  0.11469469E-05  0.19897158E-05  0.27892464E-05  0.35497596E-05  0.42748870E-05  0.56330160E-05  0.69333344E-05  0.81805636E-05  0.93788690E-05  0.10312398E-04  0.11211973E-04  0.12079977E-04  0.12918551E-04  0.12367940E-04  0.11834811E-04  0.11318088E-04  0.10816793E-04  0.10900857E-04  0.10982554E-04  0.11062011E-04  0.11139350E-04  0.10829642E-04  0.10527775E-04  0.10233363E-04  0.99460457E-05
  0.29814770E-09  0.59462576E-10  0.23614471E-10  0.19284241E-14  0.21308266E-09  0.39144258E-09  0.35034751E-08  0.57114973E-08  0.89058790E-07  0.15952792E-06  0.21337179E-06  0.26153676E-06  0.50770068E-06  0.73797165E-06  0.95427798E-06  0.11582170E-05  0.20248398E-05  0.28470005E-05  0.36290394E-05  0.43746909E-05  0.58074110E-05  0.71791455E-05  0.84948749E-05  0.97589935E-05  0.10940981E-04  0.12079977E-04  0.13179000E-04  0.14240760E-04  0.13615610E-04  0.13010309E-04  0.12423636E-04  0.11854478E-04  0.11924936E-04  0.11993409E-04  0.12060005E-04  0.12124826E-04  0.11775202E-04  0.11434431E-04  0.11102074E-04  0.10777727E-04
  0.31915330E-09  0.63651944E-10  0.25278211E-10  0.20793680E-14  0.22824855E-09  0.41930300E-09  0.31731275E-08  0.51269970E-08  0.92028722E-07  0.16550308E-06  0.22164318E-06  0.27186220E-06  0.51818056E-06  0.74859599E-06  0.96503802E-06  0.11691050E-05  0.20587730E-05  0.29027964E-05  0.37056312E-05  0.44711110E-05  0.59758932E-05  0.74166223E-05  0.87985294E-05  0.10126230E-04  0.11548251E-04  0.12918551E-04  0.14240760E-04  0.15518140E-04  0.14820978E-04  0.14145952E-04  0.13491700E-04  0.12856980E-04  0.12914293E-04  0.12969991E-04  0.13024163E-04  0.13076890E-04  0.12688704E-04  0.12310346E-04  0.11941332E-04  0.11581210E-04
  0.34208590E-09  0.68225753E-10  0.27094715E-10  0.23925622E-14  0.26475692E-09  0.48637057E-09  0.39393278E-08  0.63892399E-08  0.99404981E-07  0.17804867E-06  0.23813853E-06  0.29189074E-06  0.53546545E-06  0.76331437E-06  0.97734554E-06  0.11791395E-05  0.20368145E-05  0.28504864E-05  0.36244508E-05  0.43624035E-05  0.57914855E-05  0.71597366E-05  0.84721250E-05  0.97330337E-05  0.11074889E-04  0.12367940E-04  0.13615610E-04  0.14820978E-04  0.14407541E-04  0.14007231E-04  0.13619240E-04  0.13242832E-04  0.13328600E-04  0.13411951E-04  0.13493018E-04  0.13571924E-04  0.13119922E-04  0.12679365E-04  0.12249686E-04  0.11830363E-04
  0.36429035E-09  0.72654337E-10  0.28853542E-10  0.26958119E-14  0.30010611E-09  0.55130865E-09  0.46812001E-08  0.76114047E-08  0.10654703E-06  0.19019591E-06  0.25411012E-06  0.31128334E-06  0.55220152E-06  0.77756542E-06  0.98926227E-06  0.11888554E-05  0.20155533E-05  0.27998373E-05  0.35458480E-05  0.42571477E-05  0.56129330E-05  0.69110075E-05  0.81560844E-05  0.93523219E-05  0.10616558E-04  0.11834811E-04  0.13010309E-04  0.14145952E-04  0.14007231E-04  0.13872914E-04  0.13742730E-04  0.13616433E-04  0.13729752E-04  0.13839878E-04  0.13946987E-04  0.14051239E-04  0.13537449E-04  0.13036666E-04  0.12548251E-04  0.12071605E-04
  0.38581149E-09  0.76946636E-10  0.30558243E-10  0.29897295E-14  0.33436745E-09  0.61424832E-09  0.54002419E-08  0.87959584E-08  0.11346929E-06  0.20196934E-06  0.26959021E-06  0.33007914E-06  0.56842255E-06  0.79137791E-06  0.10008123E-05  0.11982723E-05  0.19949463E-05  0.27507469E-05  0.34696641E-05  0.41551310E-05  0.54398753E-05  0.66699328E-05  0.78497696E-05  0.89833262E-05  0.10172330E-04  0.11318088E-04  0.12423636E-04  0.13491700E-04  0.13619240E-04  0.13742730E-04  0.13862420E-04  0.13978537E-04  0.14118559E-04  0.14254637E-04  0.14386985E-04  0.14515805E-04  0.13942126E-04  0.13382972E-04  0.12837626E-04  0.12305423E-04
  0.40669010E-09  0.81110786E-10  0.32212049E-10  0.32748720E-14  0.36760591E-09  0.67530890E-09  0.60978166E-08  0.99451470E-08  0.12018489E-06  0.21339126E-06  0.28460814E-06  0.34831380E-06  0.58415929E-06  0.80477802E-06  0.10120175E-05  0.12074080E-05  0.19749546E-05  0.27031221E-05  0.33957547E-05  0.40561600E-05  0.52719843E-05  0.64360554E-05  0.75526000E-05  0.86253470E-05  0.97413657E-05  0.10816793E-04  0.11854478E-04  0.12856980E-04  0.13242832E-04  0.13616433E-04  0.13978537E-04  0.14329830E-04  0.14495758E-04  0.14657012E-04  0.14813847E-04  0.14966500E-04  0.14334722E-04  0.13718939E-04  0.13118363E-04  0.12532260E-04
  0.41879941E-09  0.83525961E-10  0.33171263E-10  0.34714167E-14  0.39026613E-09  0.71693677E-09  0.59793854E-08  0.97131521E-08  0.11932274E-06  0.21199632E-06  0.28280610E-06  0.34614761E-06  0.58465507E-06  0.80776390E-06  0.10173424E-05  0.12149383E-05  0.19910334E-05  0.27273108E-05  0.34276576E-05  0.40954181E-05  0.53308112E-05  0.65136182E-05  0.76481336E-05  0.87381466E-05  0.98395317E-05  0.10900857E-04  0.11924936E-04  0.12914293E-04  0.13328600E-04  0.13729752E-04  0.14118559E-04  0.14495758E-04  0.14812320E-04  0.15119962E-04  0.15419176E-04  0.15710409E-04  0.15140951E-04  0.14585912E-04  0.14044578E-04  0.13516290E-04
  0.43056756E-09  0.85873093E-10  0.34103453E-10  0.36624241E-14  0.41228795E-09  0.75739187E-09  0.58642908E-08  0.94876932E-08  0.11848488E-06  0.21064068E-06  0.28105484E-06  0.34404245E-06  0.58513688E-06  0.81066567E-06  0.10225174E-05  0.12222565E-05  0.20066592E-05  0.27508181E-05  0.34586617E-05  0.41335702E-05  0.53879808E-05  0.65889958E-05  0.77409759E-05  0.88477684E-05  0.99349320E-05  0.10982554E-04  0.11993409E-04  0.12969991E-04  0.13411951E-04  0.13839878E-04  0.14254637E-04  0.14657012E-04  0.15119962E-04  0.15569870E-04  0.16007450E-04  0.16433360E-04  0.15924467E-04  0.15428459E-04  0.14944699E-04  0.14472598E-04
  0.44201326E-09  0.88155913E-10  0.35010100E-10  0.38481978E-14  0.43370636E-09  0.79673847E-09  0.57523498E-08  0.92684120E-08  0.11766997E-06  0.20932219E-06  0.27935156E-06  0.34199497E-06  0.58560549E-06  0.81348792E-06  0.10275506E-05  0.12293742E-05  0.20218569E-05  0.27736812E-05  0.34888163E-05  0.41706769E-05  0.54435840E-05  0.66623080E-05  0.78312741E-05  0.89543864E-05  0.10027718E-04  0.11062011E-04  0.12060005E-04  0.13024163E-04  0.13493018E-04  0.13946987E-04  0.14386985E-04  0.14813847E-04  0.15419176E-04  0.16007450E-04  0.16579605E-04  0.17136501E-04  0.16686514E-04  0.16247920E-04  0.15820157E-04  0.15402702E-04
  0.45315370E-09  0.90377850E-10  0.35892567E-10  0.40290170E-14  0.45455354E-09  0.83503570E-09  0.56433943E-08  0.90549790E-08  0.11687680E-06  0.20803885E-06  0.27769371E-06  0.34000210E-06  0.58606160E-06  0.81623490E-06  0.10324495E-05  0.12363020E-05  0.20366493E-05  0.27959347E-05  0.35181666E-05  0.42067940E-05  0.54977042E-05  0.67336650E-05  0.79191642E-05  0.90581610E-05  0.10118030E-04  0.11139350E-04  0.12124826E-04  0.13076890E-04  0.13571924E-04  0.14051239E-04  0.14515805E-04  0.14966500E-04  0.15710409E-04  0.16433360E-04  0.17136501E-04  0.17820890E-04  0.17428237E-04  0.17045526E-04  0.16672265E-04  0.16308000E-04
  0.42779938E-09  0.85321223E-10  0.33884449E-10  0.39127054E-14  0.43953807E-09  0.80745158E-09  0.46917117E-08  0.74476381E-08  0.10610193E-06  0.18951294E-06  0.25324540E-06  0.31025603E-06  0.54624419E-06  0.76699636E-06  0.97436116E-06  0.11698699E-05  0.19526249E-05  0.26952206E-05  0.34015774E-05  0.40750682E-05  0.53410493E-05  0.65531423E-05  0.77157480E-05  0.88327494E-05  0.98496895E-05  0.10829642E-04  0.11775202E-04  0.12688704E-04  0.13119922E-04  0.13537449E-04  0.13942126E-04  0.14334722E-04  0.15140951E-04  0.15924467E-04  0.16686514E-04  0.17428237E-04  0.17131519E-04  0.16842313E-04  0.16560248E-04  0.16284982E-04
  0.40308701E-09  0.80392626E-10  0.31927175E-10  0.37993388E-14  0.42490279E-09  0.78056588E-09  0.37641249E-08  0.58809937E-08  0.95599863E-07  0.17145609E-06  0.22941611E-06  0.28126311E-06  0.50743491E-06  0.71900451E-06  0.91774359E-06  0.11051198E-05  0.18707280E-05  0.25970566E-05  0.32879401E-05  0.39466776E-05  0.51883609E-05  0.63771902E-05  0.75174822E-05  0.86130451E-05  0.95881432E-05  0.10527775E-04  0.11434431E-04  0.12310346E-04  0.12679365E-04  0.13036666E-04  0.13382972E-04  0.13718939E-04  0.14585912E-04  0.15428459E-04  0.16247920E-04  0.17045526E-04  0.16842313E-04  0.16644245E-04  0.16451068E-04  0.16262546E-04
  0.37898489E-09  0.75585735E-10  0.30018234E-10  0.36887716E-14  0.41062890E-09  0.75434408E-09  0.28594439E-08  0.43530359E-08  0.85357137E-07  0.15384513E-06  0.20617525E-06  0.25298613E-06  0.46958399E-06  0.67219775E-06  0.86252413E-06  0.10419686E-05  0.17908534E-05  0.25013166E-05  0.31771090E-05  0.38214575E-05  0.50394429E-05  0.62055831E-05  0.73241123E-05  0.83987661E-05  0.93330554E-05  0.10233363E-04  0.11102074E-04  0.11941332E-04  0.12249686E-04  0.12548251E-04  0.12837626E-04  0.13118363E-04  0.14044578E-04  0.14944699E-04  0.15820157E-04  0.16672265E-04  0.16560248E-04  0.16451068E-04  0.16344583E-04  0.16240664E-04
  0.35546360E-09  0.70894684E-10  0.28155296E-10  0.35808690E-14  0.39669900E-09  0.72875420E-09  0.19765645E-08  0.28619000E-08  0.75361247E-07  0.13665857E-06  0.18349447E-06  0.22539060E-06  0.43264523E-06  0.62651899E-06  0.80863539E-06  0.98033930E-06  0.17129037E-05  0.24078839E-05  0.30689487E-05  0.36992550E-05  0.48941136E-05  0.60381115E-05  0.71354024E-05  0.81896510E-05  0.90841150E-05  0.99460457E-05  0.10777727E-04  0.11581210E-04  0.11830363E-04  0.12071605E-04  0.12305423E-04  0.12532260E-04  0.13516290E-04  0.14472598E-04  0.15402702E-04  0.16308000E-04  0.16284982E-04  0.16262546E-04  0.16240664E-04  0.16219310E-04
